function [p1, p2, p3, p4, p5, p6, p7, p8, p9, p10, p11, p12, p13, p14] = PMSynchronousMachineIcon
    % 1 8
    % 2 8
    % 3 8
    % 4 8
    % 5 8
    % 6 8
    % 7 8
    p1 = [0.0 10.799999999999999 21.599999999999998 28.799999999999997 34.8 36.0 34.8 28.799999999999997 21.599999999999998 10.799999999999999 0.0 -10.799999999999999 -21.599999999999998 -28.799999999999997 -34.8 -36.0 -34.8 -28.799999999999997 -21.599999999999998 -10.799999999999999 0.0];
    p2 = [51.0 49.8 43.8 36.599999999999994 25.799999999999997 15.0 4.200000000000001 -6.599999999999998 -13.799999999999997 -19.799999999999997 -21.0 -19.799999999999997 -13.799999999999997 -6.599999999999998 4.200000000000001 15.0 25.799999999999997 36.599999999999994 43.8 49.8 51.0];
    p3 = [-20.0 -48.0];
    p4 = [45.0 45.0];
    p5 = [-36.0 -48.0];
    p6 = [15.0 15.0];
    p7 = [-20.0 -48.0];
    p8 = [-15.0 -15.0];
    p9 = [-10.0 10.0 10.0 -10.0 -10.0];
    p10 = [38.0 38.0 -8.0 -8.0 38.0];
    p11 = [-2.5 -2.5 2.5 2.5];
    p12 = [25.0 33.75 25.0 33.75];
    p13 = [-2.5 0.0 2.5 2.5 -2.5 -2.5 0.0 2.5];
    p14 = [0.0 0.0 1.6 3.2 4.800000000000001 6.4 8.0 8.0];
end % function
